1.91554 19086.6
2.85765 15455.4
3.85743 12984.9
4.95303 12543.5
5.7546 11866.3
6.68589 12799.6
7.7679 12138.1
8.58486 11128.5
9.97418 10982.9
10.4856 11161.9
11.5883 10976
12.8071 9906.94
13.4637 10260.4
14.8797 9427.17
15.6426 9780.17
16.4446 9063.23
17.2878 8752.89
18.1741 9549.33
19.106 9529.99
20.0855 8744.3
21.1153 7998.65
22.198 8117.88
23.3361 7515.5
24.5325 7861.58
25.7903 7765.56
27.1126 6874.74
28.5027 6567.04
29.9641 6552.13
31.5004 5906.3
33.1155 6083.98
34.8133 5632.49
36.5982 4947.71
38.4747 5368.54
40.4473 4750.43
42.5211 4770.41
44.7012 5282.76
46.9931 4660.22
49.4024 4977.14
51.9354 4191.39
54.5982 4328.78
57.3975 3890.69
60.3403 3592.14
63.434 3368.46
66.6863 3540.93
70.1054 3348.66
73.6998 3065.09
77.4785 2888.52
81.4509 3016.97
85.6269 2626.41
90.0171 2724.34
94.6324 2485.65
99.4843 2327.49
104.585 2243.81
109.947 2201.87
115.584 2155.45
121.51 1969.3
127.74 1947.86
134.29 1832.69
141.175 1663.46
148.413 1593.36
156.022 1592.8
164.022 1599.65
172.431 1450.33
181.272 1348.44
190.566 1173.69
200.337 1298.78
210.608 1169.47
221.406 1095.92
232.758 1105.44
244.692 987.367
257.238 1021.66
270.426 900.817
284.291 888.449
298.867 873.636
314.191 782.39
330.3 723.64
347.234 706.457
365.037 669.604
383.753 623.248
403.429 561.712
424.113 564.454
445.858 575.372
468.717 578.953
492.749 493.313
518.013 506.669
544.572 436.716
572.493 398.637
601.845 420.948
632.702 421.708
665.142 352.448
699.244 364.706
735.095 316.707
772.784 307.987
812.406 283.056
854.059 262.405
897.847 257.363
943.881 258.232
992.275 261.766
1043.15 214.804
1096.63 204.211
1152.86 180.892
1211.97 167.853
1274.11 178.869
1339.43 163.866
1408.1 167.343
1480.3 150.017
1556.2 138.088
1635.98 125.486
1719.86 122.078
1808.04 117.904
1900.74 101.368
1998.2 82.1866
2100.65 91.1082
2208.35 78.5674
2321.57 79.0482
2440.6 65.7338
2565.73 62.2426
2697.28 60.4827
2835.57 51.1508
2980.96 50.9625
3133.79 41.1584
3294.47 39.3044
3463.38 31.9118
3640.95 35.0802
3827.63 30.4724
4023.87 25.2766
4230.18 20.8347
4447.07 21.5212
4675.07 18.6986
4914.77 17.0399
5166.75 14.5806
5431.66 12.2052
5710.15 10.5541
6002.91 11.0157
6310.69 8.23076
6634.24 7.80321
6974.39 6.48243
7331.97 5.81509
7707.89 5.17187
8103.08 4.57016
8518.54 3.88621
8955.29 3.49408
9414.44 3.28229
9897.13 3.61342
