1.91554 114309
2.85765 92199.1
3.85743 78600.3
4.95303 56491.2
5.7546 50285
6.68589 48679.3
7.7679 37713.5
8.58486 34618.1
9.97418 31122
10.4856 27777.3
11.5883 26222.9
12.8071 22817.3
13.4637 23636.6
14.8797 19676.2
15.6426 18924.3
16.4446 18446.3
17.2878 18076.7
18.1741 16832.7
19.106 15440.5
20.0855 14144.3
21.1153 15521
22.198 14870.2
23.3361 13912.1
24.5325 12568.4
25.7903 11719.5
27.1126 10974.7
28.5027 11033.1
29.9641 10816.6
31.5004 8995.55
33.1155 8862.95
34.8133 9071.29
36.5982 7683.15
38.4747 8414.92
40.4473 7976
42.5211 7140.02
44.7012 6771.12
46.9931 5849.06
49.4024 6208.57
51.9354 6320.57
54.5982 5659.08
57.3975 5014.49
60.3403 5540.11
63.434 4627.42
66.6863 4825.41
70.1054 4539.35
73.6998 4401.85
77.4785 3810.1
81.4509 4020.45
85.6269 3708.35
90.0171 3232.04
94.6324 2967.47
99.4843 3143.2
104.585 3066.34
109.947 2924.24
115.584 2993.99
121.51 2518.38
127.74 2549.96
134.29 2277.69
141.175 2325.37
148.413 2086.42
156.022 2086.06
164.022 1992.12
172.431 1714.49
181.272 1580.89
190.566 1717.42
200.337 1528.76
210.608 1489.88
221.406 1478.71
232.758 1384.25
244.692 1342.95
257.238 1408.77
270.426 1170.77
284.291 1094.66
298.867 1097.58
314.191 1030.47
330.3 1020.55
347.234 915.196
365.037 857.169
383.753 770.926
403.429 828.956
424.113 772.975
445.858 662.555
468.717 702.258
492.749 621.095
518.013 553.619
544.572 536.592
572.493 569.965
601.845 492.945
632.702 488.3
665.142 452.269
699.244 439.192
735.095 436.772
772.784 398.075
812.406 365.028
854.059 326.124
897.847 316.536
943.881 314.716
992.275 282.311
1043.15 258.879
1096.63 256.099
1152.86 243.161
1211.97 238.448
1274.11 234.956
1339.43 219.221
1408.1 197.174
1480.3 194.388
1556.2 169.638
1635.98 148.745
1719.86 140.052
1808.04 137.032
1900.74 122.117
1998.2 115.582
2100.65 110.497
2208.35 100.466
2321.57 98.0256
2440.6 78.7547
2565.73 68.8703
2697.28 72.9598
2835.57 61.6087
2980.96 61.231
3133.79 56.1949
3294.47 51.2483
3463.38 40.7925
3640.95 42.2945
3827.63 33.0476
4023.87 30.764
4230.18 29.0493
4447.07 25.1581
4675.07 23.2396
4914.77 19.8288
5166.75 14.7685
5431.66 13.3871
5710.15 11.8672
6002.91 12.4224
6310.69 9.32127
6634.24 8.82286
6974.39 6.7466
7331.97 6.282
7707.89 4.99836
8103.08 4.42265
8518.54 4.5263
8955.29 3.78414
9414.44 3.24134
9897.13 3.54125
