1.91554 70099.1
2.85765 57564.9
3.85743 50924.6
4.95303 40660.7
5.7546 37602.5
6.68589 30312.2
7.7679 29056.9
8.58486 28168.5
9.97418 25830.7
10.4856 23365.2
11.5883 20967.2
12.8071 20793.2
13.4637 17725.8
14.8797 19220.6
15.6426 17136.3
16.4446 15338
17.2878 14575.5
18.1741 15830
19.106 12620.9
20.0855 13991.1
21.1153 12982.2
22.198 12325.1
23.3361 11991.7
24.5325 11687
25.7903 11656.8
27.1126 9738.14
28.5027 9413.83
29.9641 10294.3
31.5004 8521.28
33.1155 8391.82
34.8133 8308.84
36.5982 7846.5
38.4747 7032.83
40.4473 7357.28
42.5211 6649.12
44.7012 7036.87
46.9931 5827.37
49.4024 6083.16
51.9354 5681.92
54.5982 5410.91
57.3975 4764.9
60.3403 5293.06
63.434 4588.35
66.6863 4705.99
70.1054 4746.57
73.6998 3974.33
77.4785 4144.74
81.4509 3346.93
85.6269 3459.64
90.0171 3567.05
94.6324 3267
99.4843 3098.69
104.585 2890.55
109.947 2613.87
115.584 2922.98
121.51 2530.45
127.74 2237.36
134.29 2242.79
141.175 2124.53
148.413 2008.94
156.022 1900.4
164.022 1624.37
172.431 1690.78
181.272 1670.54
190.566 1682.75
200.337 1464.27
210.608 1492.09
221.406 1357.75
232.758 1357.84
244.692 1401.51
257.238 1261.22
270.426 1114.65
284.291 1148.68
298.867 987.89
314.191 981.229
330.3 859.198
347.234 865.853
365.037 806.651
383.753 675.838
403.429 749.498
424.113 646.581
445.858 659.265
468.717 645.183
492.749 593.985
518.013 575.778
544.572 539.661
572.493 551.35
601.845 457.377
632.702 452.9
665.142 411.07
699.244 451.821
735.095 362.031
772.784 375.066
812.406 356.903
854.059 335.442
897.847 306.389
943.881 303.752
992.275 259.016
1043.15 269.249
1096.63 253.368
1152.86 238.796
1211.97 214.893
1274.11 218.941
1339.43 193.513
1408.1 192.483
1480.3 171.919
1556.2 157.901
1635.98 159.526
1719.86 132.843
1808.04 138.582
1900.74 126.17
1998.2 108.653
2100.65 105.298
2208.35 97.8269
2321.57 85.5333
2440.6 81.9003
2565.73 72.0645
2697.28 69.8993
2835.57 62.1716
2980.96 57.3484
3133.79 51.1386
3294.47 48.4953
3463.38 39.6615
3640.95 36.9103
3827.63 35.2683
4023.87 32.3499
4230.18 26.9962
4447.07 23.771
4675.07 20.4519
4914.77 17.7551
5166.75 15.118
5431.66 12.5004
5710.15 11.8599
6002.91 10.4532
6310.69 8.71586
6634.24 8.11391
6974.39 7.52855
7331.97 5.97695
7707.89 5.1324
8103.08 4.158
8518.54 4.01857
8955.29 3.91758
9414.44 3.58256
9897.13 3.72483
