1.91554 75747.4
2.85765 62531.1
3.85743 54373.6
4.95303 43772.7
5.7546 36231
6.68589 33786.2
7.7679 33333.8
8.58486 29087.1
9.97418 25548.1
10.4856 23698.2
11.5883 21673.1
12.8071 21704.3
13.4637 20760.4
14.8797 17795.5
15.6426 16351.1
16.4446 16034.7
17.2878 14717.4
18.1741 16201.7
19.106 15442.3
20.0855 14189.9
21.1153 12495.8
22.198 11694.4
23.3361 11547
24.5325 10947.7
25.7903 10935.1
27.1126 10351.8
28.5027 9453.64
29.9641 9427.93
31.5004 9552.08
33.1155 8936.55
34.8133 8246.1
36.5982 8034.95
38.4747 6928.18
40.4473 6967.37
42.5211 6790.88
44.7012 6220.81
46.9931 6046.62
49.4024 6004.03
51.9354 6426.62
54.5982 5236.15
57.3975 5042.48
60.3403 4774.13
63.434 4746.77
66.6863 4365.96
70.1054 3922.06
73.6998 4008.2
77.4785 4041.16
81.4509 3770.8
85.6269 3591.01
90.0171 3180.19
94.6324 3111.21
99.4843 3044.74
104.585 2836.51
109.947 2752.36
115.584 2581.27
121.51 2567.96
127.74 2434.17
134.29 2351.6
141.175 2197.38
148.413 2081.76
156.022 1905.15
164.022 1737.12
172.431 1682.7
181.272 1609.26
190.566 1808.62
200.337 1585
210.608 1554.03
221.406 1462.16
232.758 1323.8
244.692 1200.6
257.238 1097.44
270.426 1105.2
284.291 1084.84
298.867 972.53
314.191 1034.38
330.3 949.395
347.234 918.926
365.037 784.254
383.753 714.477
403.429 748.843
424.113 718.159
445.858 647.665
468.717 658.552
492.749 530.017
518.013 548.629
544.572 487.755
572.493 515.006
601.845 487.061
632.702 480.956
665.142 409.188
699.244 400.064
735.095 401.315
772.784 335.258
812.406 344.895
854.059 326.217
897.847 299.189
943.881 286.192
992.275 268.078
1043.15 243.534
1096.63 265.107
1152.86 241.9
1211.97 226.833
1274.11 198.216
1339.43 185.541
1408.1 184.749
1480.3 201.154
1556.2 150.19
1635.98 146.586
1719.86 143.341
1808.04 120.984
1900.74 121.173
1998.2 118.223
2100.65 107.627
2208.35 100.576
2321.57 83.7155
2440.6 89.8185
2565.73 74.1684
2697.28 67.2705
2835.57 59.2115
2980.96 57.5862
3133.79 53.3577
3294.47 46.1247
3463.38 40.7299
3640.95 38.896
3827.63 32.0001
4023.87 27.6606
4230.18 26.1048
4447.07 24.7933
4675.07 21.3301
4914.77 18.5324
5166.75 16.2932
5431.66 14.6802
5710.15 11.2499
6002.91 10.9128
6310.69 9.15156
6634.24 7.70521
6974.39 7.6663
7331.97 5.64717
7707.89 5.6224
8103.08 5.10852
8518.54 4.31582
8955.29 3.41317
9414.44 3.60862
9897.13 3.16933
