1.91554 170743
2.85765 105575
3.85743 78057
4.95303 61904
5.7546 57700.6
6.68589 46389.1
7.7679 41221.8
8.58486 37809.4
9.97418 33051.5
10.4856 30040.1
11.5883 29972.1
12.8071 23931.4
13.4637 22443.1
14.8797 22364.1
15.6426 20012.6
16.4446 16751.7
17.2878 17156.9
18.1741 16349.2
19.106 15818.6
20.0855 14206.6
21.1153 14074.2
22.198 13928.4
23.3361 13261.6
24.5325 12300.1
25.7903 13897.4
27.1126 10572.8
28.5027 11767.7
29.9641 10677.2
31.5004 10366.6
33.1155 9653.29
34.8133 9172.66
36.5982 8495.41
38.4747 8283.01
40.4473 7983.76
42.5211 7338.02
44.7012 7881.29
46.9931 6692.31
49.4024 6115.86
51.9354 6514.56
54.5982 5658.76
57.3975 6083.32
60.3403 5172.21
63.434 4924.56
66.6863 4761.88
70.1054 4635.72
73.6998 4260.5
77.4785 4063.7
81.4509 4162.44
85.6269 4166.75
90.0171 3608.41
94.6324 3404.8
99.4843 3196.71
104.585 2972.07
109.947 2794.63
115.584 2536.12
121.51 2377.28
127.74 2730.39
134.29 2535.96
141.175 2336.35
148.413 2088.35
156.022 2140.22
164.022 2172.28
172.431 1809.41
181.272 1877.81
190.566 1762.01
200.337 1550.88
210.608 1457.87
221.406 1437.16
232.758 1408.5
244.692 1289.1
257.238 1184.11
270.426 1145.21
284.291 1030.9
298.867 1045.4
314.191 1041.02
330.3 907.485
347.234 1047.2
365.037 882.92
383.753 893.774
403.429 887.41
424.113 747.726
445.858 711.753
468.717 697.672
492.749 572.601
518.013 582.578
544.572 547.064
572.493 518.628
601.845 532.816
632.702 516.244
665.142 456.051
699.244 424.273
735.095 439.292
772.784 402.464
812.406 363.092
854.059 328.874
897.847 311.452
943.881 321.925
992.275 293.342
1043.15 288.03
1096.63 279.214
1152.86 235.56
1211.97 246.681
1274.11 215.293
1339.43 213.278
1408.1 189.257
1480.3 184.079
1556.2 174.135
1635.98 163.952
1719.86 146.91
1808.04 135.416
1900.74 136.193
1998.2 105.15
2100.65 106.598
2208.35 98.5048
2321.57 85.2097
2440.6 93.9738
2565.73 80.3486
2697.28 74.3828
2835.57 73.2997
2980.96 60.9084
3133.79 54.8227
3294.47 51.5582
3463.38 45.2219
3640.95 41.0353
3827.63 34.3332
4023.87 30.1892
4230.18 26.8866
4447.07 23.6274
4675.07 21.7366
4914.77 19.3544
5166.75 17.371
5431.66 15.3154
5710.15 13.0164
6002.91 10.7456
6310.69 10.0438
6634.24 8.08777
6974.39 6.87401
7331.97 6.04775
7707.89 5.43859
8103.08 4.63554
8518.54 3.95101
8955.29 3.63944
9414.44 3.59472
9897.13 3.30523
