1.91554 0.0657196
2.85765 0.0619142
3.85743 0.0543387
4.95303 0.0468091
5.7546 0.0406523
6.68589 0.0355572
7.7679 0.0313107
8.58486 0.0278018
9.97418 0.0248775
10.4856 0.0225097
11.5883 0.0205023
12.8071 0.0187449
13.4637 0.0171178
14.8797 0.0159074
15.6426 0.0146813
16.4446 0.0135691
17.2878 0.0127265
18.1741 0.0118494
19.106 0.0112786
20.0855 0.0104672
21.1153 0.00993756
22.198 0.00936097
23.3361 0.00883507
24.5325 0.00836559
25.7903 0.00798628
27.1126 0.00719894
28.5027 0.00691317
29.9641 0.00656986
31.5004 0.00608591
33.1155 0.0055295
34.8133 0.00534377
36.5982 0.00490951
38.4747 0.00459805
40.4473 0.00431452
42.5211 0.00400721
44.7012 0.00377662
46.9931 0.00354637
49.4024 0.00323009
51.9354 0.00302596
54.5982 0.00284292
57.3975 0.00264486
60.3403 0.00242391
63.434 0.00223975
66.6863 0.00209866
70.1054 0.0019376
73.6998 0.00180952
77.4785 0.00167606
81.4509 0.00156121
85.6269 0.00142786
90.0171 0.00132377
94.6324 0.00126052
99.4843 0.00113737
104.585 0.00107333
109.947 0.000987083
115.584 0.000896237
121.51 0.00081941
127.74 0.000768491
134.29 0.000718694
141.175 0.000666654
148.413 0.000608333
156.022 0.000568181
164.022 0.000500215
172.431 0.000466007
181.272 0.000439538
190.566 0.000398489
200.337 0.000366637
210.608 0.000338374
221.406 0.000304391
232.758 0.000280502
244.692 0.000257958
257.238 0.000238331
270.426 0.000208049
284.291 0.000206142
298.867 0.000180346
314.191 0.000167224
330.3 0.000140755
347.234 0.000137054
365.037 0.000123932
383.753 0.000110473
403.429 0.000109015
424.113 8.8603e-05
445.858 8.2547e-05
468.717 7.4808e-05
492.749 6.3817e-05
518.013 5.8994e-05
544.572 5.2825e-05
572.493 4.9124e-05
601.845 4.1834e-05
632.702 3.9142e-05
665.142 3.2862e-05
699.244 3.1179e-05
735.095 2.5235e-05
772.784 2.5011e-05
812.406 2.0861e-05
854.059 1.9179e-05
897.847 1.6263e-05
943.881 1.4692e-05
992.275 1.3122e-05
1043.15 9.87e-06
1096.63 1.0094e-05
1152.86 9.085e-06
1211.97 5.944e-06
1274.11 5.496e-06
1339.43 4.823e-06
1408.1 4.374e-06
1480.3 2.916e-06
1556.2 1.682e-06
1635.98 2.467e-06
1719.86 2.243e-06
1808.04 2.467e-06
1900.74 1.458e-06
1998.2 1.122e-06
2100.65 7.85e-07
2208.35 1.12e-07
2321.57 2.24e-07
2440.6 0
2565.73 2.24e-07
2697.28 5.61e-07
2835.57 0
2980.96 1.12e-07
3133.79 1.12e-07
3294.47 0
3463.38 1.12e-07
3640.95 0
3827.63 2.24e-07
4023.87 0
4230.18 0
4447.07 0
4675.07 0
4914.77 0
5166.75 0
5431.66 0
5710.15 0
6002.91 0
6310.69 0
6634.24 0
6974.39 0
7331.97 0
