1.91554 0.0620585
2.85765 0.0577597
3.85743 0.0501687
4.95303 0.0430634
5.7546 0.0371786
6.68589 0.0323334
7.7679 0.0284743
8.58486 0.0251962
9.97418 0.0226408
10.4856 0.0202904
11.5883 0.0184412
12.8071 0.0168825
13.4637 0.0155177
14.8797 0.0143876
15.6426 0.0132822
16.4446 0.0123138
17.2878 0.0115393
18.1741 0.0107606
19.106 0.0101563
20.0855 0.00947476
21.1153 0.00900833
22.198 0.00851791
23.3361 0.00806212
24.5325 0.00766861
25.7903 0.00726943
27.1126 0.00653221
28.5027 0.00621771
29.9641 0.00597046
31.5004 0.0055346
33.1155 0.00513837
34.8133 0.00495225
36.5982 0.00451549
38.4747 0.00421095
40.4473 0.00393336
42.5211 0.00369087
44.7012 0.00345811
46.9931 0.0032661
49.4024 0.00298851
51.9354 0.00288006
54.5982 0.00261085
57.3975 0.00238126
60.3403 0.00229046
63.434 0.00211091
66.6863 0.00195944
70.1054 0.00186955
73.6998 0.00172147
77.4785 0.00159965
81.4509 0.00151656
85.6269 0.00138999
90.0171 0.0012992
94.6324 0.0012127
99.4843 0.00111217
104.585 0.00105919
109.947 0.000972925
115.584 0.000914962
121.51 0.000826658
127.74 0.000772091
134.29 0.000737902
141.175 0.000704844
148.413 0.000628767
156.022 0.000600691
164.022 0.000523256
172.431 0.000497218
181.272 0.000477972
190.566 0.000432009
200.337 0.000396461
210.608 0.000386045
221.406 0.000340309
232.758 0.000324459
244.692 0.000302949
257.238 0.000278496
270.426 0.000267402
284.291 0.000227099
298.867 0.000227325
314.191 0.00021057
330.3 0.000190645
347.234 0.000174343
365.037 0.000160984
383.753 0.000151928
403.429 0.000144682
424.113 0.000125436
445.858 0.000120908
468.717 0.000112078
492.749 9.3285e-05
518.013 9.8493e-05
544.572 8.8983e-05
572.493 7.97e-05
601.845 7.5171e-05
632.702 6.8605e-05
665.142 6.8379e-05
699.244 6.2265e-05
735.095 5.502e-05
772.784 5.2529e-05
812.406 4.3699e-05
854.059 4.7775e-05
897.847 4.3246e-05
943.881 3.7586e-05
992.275 3.4869e-05
1043.15 3.1472e-05
1096.63 2.7397e-05
1152.86 2.6265e-05
1211.97 3.1246e-05
1274.11 2.2868e-05
1339.43 1.9925e-05
1408.1 1.9472e-05
1480.3 1.7434e-05
1556.2 1.5849e-05
1635.98 1.517e-05
1719.86 1.5623e-05
1808.04 1.6076e-05
1900.74 1.2906e-05
1998.2 1.1095e-05
2100.65 9.51e-06
2208.35 1.2e-05
2321.57 8.604e-06
2440.6 7.472e-06
2565.73 8.604e-06
2697.28 8.604e-06
2835.57 7.925e-06
2980.96 4.302e-06
3133.79 5.66e-06
3294.47 5.66e-06
3463.38 6.566e-06
3640.95 4.076e-06
3827.63 4.528e-06
4023.87 3.396e-06
4230.18 4.076e-06
4447.07 4.076e-06
4675.07 1.359e-06
4914.77 2.943e-06
5166.75 2.717e-06
5431.66 2.491e-06
5710.15 2.038e-06
6002.91 1.359e-06
6310.69 1.811e-06
6634.24 1.132e-06
6974.39 6.79e-07
7331.97 2.038e-06
7707.89 1.132e-06
8103.08 9.06e-07
8518.54 1.132e-06
8955.29 6.79e-07
9414.44 4.53e-07
9897.13 2.26e-07
10404.6 2.26e-07
10938 2.26e-07
11498.8 4.53e-07
12088.4 2.26e-07
12708.2 6.79e-07
13359.7 2.26e-07
14044.7 4.53e-07
14764.8 2.26e-07
15521.8 2.26e-07
16317.6 2.26e-07
17154.2 2.26e-07
18033.7 0
18958.4 0
19930.4 2.26e-07
20952.2 0
22026.5 0
23155.8 2.26e-07
24343 0
25591.1 0
26903.2 0
28282.5 0
29732.6 2.26e-07
31257 0
32859.6 0
34544.4 0
36315.5 0
38177.4 0
40134.8 0
42192.6 0
44355.9 0
46630 0
49020.8 0
51534.2 0
54176.4 0
56954 0
59874.1 0
62944 0
66171.2 0
69563.8 0
73130.4 0
76879.9 0
80821.6 0
84965.5 0
89321.7 0
93901.3 0
