1.91554 0.0680469
2.85765 0.0648843
3.85743 0.0571667
4.95303 0.0495521
5.7546 0.0429486
6.68589 0.037495
7.7679 0.0331585
8.58486 0.029525
9.97418 0.0264653
10.4856 0.0239541
11.5883 0.0219074
12.8071 0.0198988
13.4637 0.0182937
14.8797 0.0168177
15.6426 0.0156331
16.4446 0.014495
17.2878 0.0135662
18.1741 0.0125899
19.106 0.0118088
20.0855 0.0111496
21.1153 0.0104948
22.198 0.00987867
23.3361 0.00936803
24.5325 0.00880674
25.7903 0.00840341
27.1126 0.00759427
28.5027 0.00720482
29.9641 0.00696148
31.5004 0.00625302
33.1155 0.00574949
34.8133 0.00557362
36.5982 0.00513495
38.4747 0.00475997
40.4473 0.00441511
42.5211 0.00410713
44.7012 0.00382619
46.9931 0.00361297
49.4024 0.0032942
51.9354 0.00307729
54.5982 0.00282624
57.3975 0.00264503
60.3403 0.00240465
63.434 0.00220815
66.6863 0.00210331
70.1054 0.00192448
73.6998 0.00178881
77.4785 0.00162208
81.4509 0.001494
85.6269 0.00140672
90.0171 0.00124946
94.6324 0.00118294
99.4843 0.00107739
104.585 0.000977183
109.947 0.000890493
115.584 0.000815307
121.51 0.000759807
127.74 0.000688178
134.29 0.000633746
141.175 0.000570656
148.413 0.000520255
156.022 0.000475428
164.022 0.000430719
172.431 0.000367985
181.272 0.000347706
190.566 0.000330629
200.337 0.000279398
210.608 0.000260898
221.406 0.000231488
232.758 0.000212039
244.692 0.000189626
257.238 0.000168517
270.426 0.000146696
284.291 0.000134007
298.867 0.000122504
314.191 0.000100802
330.3 8.9891e-05
347.234 8.4318e-05
365.037 7.5068e-05
383.753 6.5936e-05
403.429 5.6567e-05
424.113 5.1587e-05
445.858 4.376e-05
468.717 4.2811e-05
492.749 3.1308e-05
518.013 3.2257e-05
544.572 2.4548e-05
572.493 1.9567e-05
601.845 1.8263e-05
632.702 1.3282e-05
665.142 1.2452e-05
699.244 1.091e-05
735.095 8.894e-06
772.784 6.76e-06
812.406 5.455e-06
854.059 6.167e-06
897.847 4.269e-06
943.881 3.083e-06
992.275 2.49e-06
1043.15 3.439e-06
1096.63 2.016e-06
1152.86 8.3e-07
1211.97 1.304e-06
1274.11 9.49e-07
1339.43 1.186e-06
1408.1 7.12e-07
1480.3 2.37e-07
1556.2 1.19e-07
1635.98 2.37e-07
1719.86 4.74e-07
1808.04 0
1900.74 3.56e-07
1998.2 2.37e-07
2100.65 1.19e-07
2208.35 1.19e-07
2321.57 1.19e-07
2440.6 0
2565.73 0
2697.28 0
2835.57 0
2980.96 0
3133.79 0
3294.47 0
3463.38 0
3640.95 0
